param_loveb1_001
2017.8074684219137   0                    555.4121600029979
0                    2009.3330626387904   385.28498930066263
0                    0                    1
0
0
0.976207811211994    0.077923873077634    -0.202351623006264   -743.5560293564031
-0.040480017463837   -0.851299360039519   -0.523116399840832   1314.4949932510367
-0.213025063114216   0.518861512930846    -0.827890725207317   7500.944167403658
param_loveb1_002
2017.8074684219137   0                    555.4121600029979
0                    2009.3330626387904   385.28498930066263
0                    0                    1
0
0
0.976207811211994    0.077923873077634    -0.202351623006264   -782.2148729914493
-0.040480017463837   -0.851299360039519   -0.523116399840832   1314.4949932510367
-0.213025063114216   0.518861512930846    -0.827890725207317   7500.944167403658

param_loveb1_003
2017.8074684219137   0                    555.4121600029979
0                    2009.3330626387904   385.28498930066263
0                    0                    1
0
0
0.976207811211994    0.077923873077634    -0.202351623006264   -820.8737166264955
-0.040480017463837   -0.851299360039519   -0.523116399840832   1314.4949932510367
-0.213025063114216   0.518861512930846    -0.827890725207317   7500.944167403659

param_loveb1_004
2017.8074684219137   0                    555.4121600029979
0                    2009.3330626387904   385.28498930066263
0                    0                    1
0
0
0.976207811211994    0.077923873077634    -0.202351623006264   -859.5325602615414
-0.040480017463837   -0.851299360039519   -0.523116399840832   1314.4949932510372
-0.213025063114216   0.518861512930846    -0.827890725207317   7500.944167403659

param_loveb1_005
2017.8074684219137   0                    555.4121600029979
0                    2009.3330626387904   385.28498930066263
0                    0                    1
0
0
0.976207811211994    0.077923873077634    -0.202351623006264   -898.1914038965881
-0.040480017463837   -0.851299360039519   -0.523116399840832   1314.4949932510367
-0.213025063114216   0.518861512930846    -0.827890725207317   7500.944167403659

param_loveb1_006
2017.8074684219137   0                    555.4121600029979
0                    2009.3330626387904   385.28498930066263
0                    0                    1
0
0
0.976207811211994    0.077923873077634    -0.202351623006264   -936.8502475316343
-0.040480017463837   -0.851299360039519   -0.523116399840832   1314.4949932510367
-0.213025063114216   0.518861512930846    -0.827890725207317   7500.944167403659

param_loveb1_007
2017.8074684219137   0                    555.4121600029979
0                    2009.3330626387904   385.28498930066263
0                    0                    1
0
0
0.976207811211994    0.077923873077634    -0.202351623006264   -968.9957531335581
-0.040480017463837   -0.851299360039519   -0.523116399840832   1314.9326437918035
-0.213025063114216   0.518861512930846    -0.827890725207317   7500.9442678294035

param_loveb1_008
2017.8074684219137   0                    555.4121600029979
0                    2009.3330626387904   385.28498930066263
0                    0                    1
0
0
0.976207811211994    0.077923873077634    -0.202351623006264   -1007.6545967686043
-0.040480017463837   -0.851299360039519   -0.523116399840832   1314.932643791804
-0.213025063114216   0.518861512930846    -0.827890725207317   7500.9442678294035

param_loveb1_009
2017.8074684219137   0                    555.4121600029979
0                    2009.3330626387904   385.28498930066263
0                    0                    1
0
0
0.976207811211994    0.077923873077634    -0.202351623006264   -1046.3134404036505
-0.040480017463837   -0.851299360039519   -0.523116399840832   1314.932643791804
-0.213025063114216   0.518861512930846    -0.827890725207317   7500.944267829403

param_loveb1_010
2017.8074684219137   0                    555.4121600029979
0                    2009.3330626387904   385.28498930066263
0                    0                    1
0
0
0.976207811211994    0.077923873077634    -0.202351623006264   -1084.9722840386967
-0.040480017463837   -0.851299360039519   -0.523116399840832   1314.932643791804
-0.213025063114216   0.518861512930846    -0.827890725207317   7500.9442678294035

param_loveb1_011
2017.8074684219137   0                    555.4121600029979
0                    2009.3330626387904   385.28498930066263
0                    0                    1
0
0
0.976207811211994    0.077923873077634    -0.202351623006264   -1123.6311276737426
-0.040480017463837   -0.851299360039519   -0.523116399840832   1314.9326437918044
-0.213025063114216   0.518861512930846    -0.827890725207317   7500.9442678294035

param_loveb1_012
2017.8074684219137   0                    555.4121600029979
0                    2009.3330626387904   385.28498930066263
0                    0                    1
0
0
0.976207811211994    0.077923873077634    -0.202351623006264   -1162.2899713087888
-0.040480017463837   -0.851299360039519   -0.523116399840832   1314.932643791804
-0.213025063114216   0.518861512930846    -0.827890725207317   7500.9442678294035

