#ViewNum ZNear ZFar
6        0.464901   -2.424092
13       0.512292   -2.491080
19       0.546454   -2.538637
26       0.578012   -2.582120
32       0.597463   -2.608786
39       0.610861   -2.627244
45       0.614171   -2.632085
51       0.610861   -2.627244
58       0.597463   -2.608786
64       0.578012   -2.582120
71       0.546454   -2.538637
77       0.512292   -2.491080
83       0.472133   -2.434397

param_ptm05 
1599.99266994 0 640.0 
0 1599.99266994 384.0 
0 0 1 
0.0
0.0
0.939692620786 0 -0.342020143326 -0.530131222155 
0 1 0 0 
0.342020143326 0 0.939692620786 -1.45652356222 

param_ptm06 
1599.99266994 0 640.0 
0 1599.99266994 384.0 
0 0 1 
0.0
0.0
0.942641491092 0 -0.333806859234 -0.517400631812 
0 1 0 0 
0.333806859234 0 0.942641491092 -1.46109431119 

param_ptm07 
1599.99266994 0 640.0 
0 1599.99266994 384.0 
0 0 1 
0.0
0.0
0.945518575599 0 -0.325568154457 -0.504630639409 
0 1 0 0 
0.325568154457 0 0.945518575599 -1.46555379218 

param_ptm08 
1599.99266994 0 640.0 
0 1599.99266994 384.0 
0 0 1 
0.0
0.0
0.948323655206 0 -0.317304656405 -0.491822217428 
0 1 0 0 
0.317304656405 0 0.948323655206 -1.46990166557 

param_ptm09 
1599.99266994 0 640.0 
0 1599.99266994 384.0 
0 0 1 
0.0
0.0
0.951056516295 0 -0.309016994375 -0.478976341281 
0 1 0 0 
0.309016994375 0 0.951056516295 -1.47413760026 

param_ptm10 
1599.99266994 0 640.0 
0 1599.99266994 384.0 
0 0 1 
0.0
0.0
0.953716950748 0 -0.300705799504 -0.466093989232 
0 1 0 0 
0.300705799504 0 0.953716950748 -1.47826127366 

param_ptm11 
1599.99266994 0 640.0 
0 1599.99266994 384.0 
0 0 1 
0.0
0.0
0.956304755963 0 -0.292371704723 -0.45317614232 
0 1 0 0 
0.292371704723 0 0.956304755963 -1.48227237174 

param_ptm12 
1599.99266994 0 640.0 
0 1599.99266994 384.0 
0 0 1 
0.0
0.0
0.958819734868 0 -0.284015344704 -0.440223784291 
0 1 0 0 
0.284015344704 0 0.958819734868 -1.48617058905 

param_ptm13 
1599.99266994 0 640.0 
0 1599.99266994 384.0 
0 0 1 
0.0
0.0
0.961261695938 0 -0.275637355817 -0.427237901516 
0 1 0 0 
0.275637355817 0 0.961261695938 -1.4899556287 

param_ptm14 
1599.99266994 0 640.0 
0 1599.99266994 384.0 
0 0 1 
0.0
0.0
0.963630453209 0 -0.267238376078 -0.414219482921 
0 1 0 0 
0.267238376078 0 0.963630453209 -1.49362720247 

param_ptm15 
1599.99266994 0 640.0 
0 1599.99266994 384.0 
0 0 1 
0.0
0.0
0.965925826289 0 -0.258819045103 -0.401169519909 
0 1 0 0 
0.258819045103 0 0.965925826289 -1.49718503075 

param_ptm16 
1599.99266994 0 640.0 
0 1599.99266994 384.0 
0 0 1 
0.0
0.0
0.968147640378 0 -0.250380004054 -0.388089006284 
0 1 0 0 
0.250380004054 0 0.968147640378 -1.50062884259 

param_ptm17 
1599.99266994 0 640.0 
0 1599.99266994 384.0 
0 0 1 
0.0
0.0
0.970295726276 0 -0.2419218956 -0.374978938179 
0 1 0 0 
0.2419218956 0 0.970295726276 -1.50395837573 

param_ptm18 
1599.99266994 0 640.0 
0 1599.99266994 384.0 
0 0 1 
0.0
0.0
0.972369920398 0 -0.233445363856 -0.361840313977 
0 1 0 0 
0.233445363856 0 0.972369920398 -1.50717337662 

param_ptm19 
1599.99266994 0 640.0 
0 1599.99266994 384.0 
0 0 1 
0.0
0.0
0.974370064785 0 -0.224951054344 -0.348674134233 
0 1 0 0 
0.224951054344 0 0.974370064785 -1.51027360042 

param_ptm20 
1599.99266994 0 640.0 
0 1599.99266994 384.0 
0 0 1 
0.0
0.0
0.97629600712 0 -0.216439613938 -0.335481401604 
0 1 0 0 
0.216439613938 0 0.97629600712 -1.51325881104 

param_ptm21 
1599.99266994 0 640.0 
0 1599.99266994 384.0 
0 0 1 
0.0
0.0
0.978147600734 0 -0.207911690818 -0.322263120768 
0 1 0 0 
0.207911690818 0 0.978147600734 -1.51612878114 

param_ptm22 
1599.99266994 0 640.0 
0 1599.99266994 384.0 
0 0 1 
0.0
0.0
0.979924704621 0 -0.199367934417 -0.309020298347 
0 1 0 0 
0.199367934417 0 0.979924704621 -1.51888329216 

param_ptm23 
1599.99266994 0 640.0 
0 1599.99266994 384.0 
0 0 1 
0.0
0.0
0.981627183448 0 -0.190808995377 -0.295753942834 
0 1 0 0 
0.190808995377 0 0.981627183448 -1.52152213434 

param_ptm24 
1599.99266994 0 640.0 
0 1599.99266994 384.0 
0 0 1 
0.0
0.0
0.983254907564 0 -0.182235525492 -0.282465064513 
0 1 0 0 
0.182235525492 0 0.983254907564 -1.52404510672 

param_ptm25 
1599.99266994 0 640.0 
0 1599.99266994 384.0 
0 0 1 
0.0
0.0
0.984807753012 0 -0.173648177667 -0.269154675384 
0 1 0 0 
0.173648177667 0 0.984807753012 -1.52645201717 

param_ptm26 
1599.99266994 0 640.0 
0 1599.99266994 384.0 
0 0 1 
0.0
0.0
0.986285601537 0 -0.165047605861 -0.255823789084 
0 1 0 0 
0.165047605861 0 0.986285601537 -1.52874268238 

param_ptm27 
1599.99266994 0 640.0 
0 1599.99266994 384.0 
0 0 1 
0.0
0.0
0.987688340595 0 -0.15643446504 -0.242473420812 
0 1 0 0 
0.15643446504 0 0.987688340595 -1.53091692792 

param_ptm28 
1599.99266994 0 640.0 
0 1599.99266994 384.0 
0 0 1 
0.0
0.0
0.989015863362 0 -0.14780941113 -0.229104587251 
0 1 0 0 
0.14780941113 0 0.989015863362 -1.53297458821 

param_ptm29 
1599.99266994 0 640.0 
0 1599.99266994 384.0 
0 0 1 
0.0
0.0
0.990268068742 0 -0.13917310096 -0.215718306488 
0 1 0 0 
0.13917310096 0 0.990268068742 -1.53491550655 

param_ptm30 
1599.99266994 0 640.0 
0 1599.99266994 384.0 
0 0 1 
0.0
0.0
0.991444861374 0 -0.13052619222 -0.202315597941 
0 1 0 0 
0.13052619222 0 0.991444861374 -1.53673953513 

param_ptm31 
1599.99266994 0 640.0 
0 1599.99266994 384.0 
0 0 1 
0.0
0.0
0.992546151641 0 -0.121869343405 -0.188897482278 
0 1 0 0 
0.121869343405 0 0.992546151641 -1.53844653504 

param_ptm32 
1599.99266994 0 640.0 
0 1599.99266994 384.0 
0 0 1 
0.0
0.0
0.993571855677 0 -0.113203213768 -0.17546498134 
0 1 0 0 
0.113203213768 0 0.993571855677 -1.5400363763 

param_ptm33 
1599.99266994 0 640.0 
0 1599.99266994 384.0 
0 0 1 
0.0
0.0
0.994521895368 0 -0.104528463268 -0.162019118065 
0 1 0 0 
0.104528463268 0 0.994521895368 -1.54150893782 

param_ptm34 
1599.99266994 0 640.0 
0 1599.99266994 384.0 
0 0 1 
0.0
0.0
0.995396198367 0 -0.0958457525202 -0.148560916406 
0 1 0 0 
0.0958457525202 0 0.995396198367 -1.54286410747 

param_ptm35 
1599.99266994 0 640.0 
0 1599.99266994 384.0 
0 0 1 
0.0
0.0
0.996194698092 0 -0.0871557427477 -0.135091401259 
0 1 0 0 
0.0871557427477 0 0.996194698092 -1.54410178204 

param_ptm36 
1599.99266994 0 640.0 
0 1599.99266994 384.0 
0 0 1 
0.0
0.0
0.996917333733 0 -0.0784590957278 -0.121611598378 
0 1 0 0 
0.0784590957278 0 0.996917333733 -1.54522186729 

param_ptm37 
1599.99266994 0 640.0 
0 1599.99266994 384.0 
0 0 1 
0.0
0.0
0.99756405026 0 -0.0697564737441 -0.108122534303 
0 1 0 0 
0.0697564737441 0 0.99756405026 -1.5462242779 

param_ptm38 
1599.99266994 0 640.0 
0 1599.99266994 384.0 
0 0 1 
0.0
0.0
0.998134798422 0 -0.0610485395349 -0.094625236279 
0 1 0 0 
0.0610485395349 0 0.998134798422 -1.54710893755 

param_ptm39 
1599.99266994 0 640.0 
0 1599.99266994 384.0 
0 0 1 
0.0
0.0
0.998629534755 0 -0.0523359562429 -0.0811207321766 
0 1 0 0 
0.0523359562429 0 0.998629534755 -1.54787577887 

param_ptm40 
1599.99266994 0 640.0 
0 1599.99266994 384.0 
0 0 1 
0.0
0.0
0.999048221582 0 -0.0436193873653 -0.0676100504163 
0 1 0 0 
0.0436193873653 0 0.999048221582 -1.54852474345 

param_ptm41 
1599.99266994 0 640.0 
0 1599.99266994 384.0 
0 0 1 
0.0
0.0
0.999390827019 0 -0.0348994967025 -0.0540942198889 
0 1 0 0 
0.0348994967025 0 0.999390827019 -1.54905578188 

param_ptm42 
1599.99266994 0 640.0 
0 1599.99266994 384.0 
0 0 1 
0.0
0.0
0.999657324976 0 -0.0261769483079 -0.0405742698772 
0 1 0 0 
0.0261769483079 0 0.999657324976 -1.54946885371 

param_ptm43 
1599.99266994 0 640.0 
0 1599.99266994 384.0 
0 0 1 
0.0
0.0
0.999847695156 0 -0.0174524064373 -0.0270512299778 
0 1 0 0 
0.0174524064373 0 0.999847695156 -1.54976392749 

param_ptm44 
1599.99266994 0 640.0 
0 1599.99266994 384.0 
0 0 1 
0.0
0.0
0.999961923064 0 -0.00872653549837 -0.0135261300225 
0 1 0 0 
0.00872653549837 0 0.999961923064 -1.54994098075 

param_ptm45 
1599.99266994 0 640.0 
0 1599.99266994 384.0 
0 0 1 
0.0
0.0
1.0 0 0.0 0.0 
0 1 0 0 
-0.0 0 1.0 -1.55 

param_ptm46 
1599.99266994 0 640.0 
0 1599.99266994 384.0 
0 0 1 
0.0
0.0
0.999961923064 0 0.00872653549837 0.0135261300225 
0 1 0 0 
-0.00872653549837 0 0.999961923064 -1.54994098075 

param_ptm47 
1599.99266994 0 640.0 
0 1599.99266994 384.0 
0 0 1 
0.0
0.0
0.999847695156 0 0.0174524064373 0.0270512299778 
0 1 0 0 
-0.0174524064373 0 0.999847695156 -1.54976392749 

param_ptm48 
1599.99266994 0 640.0 
0 1599.99266994 384.0 
0 0 1 
0.0
0.0
0.999657324976 0 0.0261769483079 0.0405742698772 
0 1 0 0 
-0.0261769483079 0 0.999657324976 -1.54946885371 

param_ptm49 
1599.99266994 0 640.0 
0 1599.99266994 384.0 
0 0 1 
0.0
0.0
0.999390827019 0 0.0348994967025 0.0540942198889 
0 1 0 0 
-0.0348994967025 0 0.999390827019 -1.54905578188 

param_ptm50 
1599.99266994 0 640.0 
0 1599.99266994 384.0 
0 0 1 
0.0
0.0
0.999048221582 0 0.0436193873653 0.0676100504163 
0 1 0 0 
-0.0436193873653 0 0.999048221582 -1.54852474345 

param_ptm51 
1599.99266994 0 640.0 
0 1599.99266994 384.0 
0 0 1 
0.0
0.0
0.998629534755 0 0.0523359562429 0.0811207321766 
0 1 0 0 
-0.0523359562429 0 0.998629534755 -1.54787577887 

param_ptm52 
1599.99266994 0 640.0 
0 1599.99266994 384.0 
0 0 1 
0.0
0.0
0.998134798422 0 0.0610485395349 0.094625236279 
0 1 0 0 
-0.0610485395349 0 0.998134798422 -1.54710893755 

param_ptm53 
1599.99266994 0 640.0 
0 1599.99266994 384.0 
0 0 1 
0.0
0.0
0.99756405026 0 0.0697564737441 0.108122534303 
0 1 0 0 
-0.0697564737441 0 0.99756405026 -1.5462242779 

param_ptm54 
1599.99266994 0 640.0 
0 1599.99266994 384.0 
0 0 1 
0.0
0.0
0.996917333733 0 0.0784590957278 0.121611598378 
0 1 0 0 
-0.0784590957278 0 0.996917333733 -1.54522186729 

param_ptm55 
1599.99266994 0 640.0 
0 1599.99266994 384.0 
0 0 1 
0.0
0.0
0.996194698092 0 0.0871557427477 0.135091401259 
0 1 0 0 
-0.0871557427477 0 0.996194698092 -1.54410178204 

param_ptm56 
1599.99266994 0 640.0 
0 1599.99266994 384.0 
0 0 1 
0.0
0.0
0.995396198367 0 0.0958457525202 0.148560916406 
0 1 0 0 
-0.0958457525202 0 0.995396198367 -1.54286410747 

param_ptm57 
1599.99266994 0 640.0 
0 1599.99266994 384.0 
0 0 1 
0.0
0.0
0.994521895368 0 0.104528463268 0.162019118065 
0 1 0 0 
-0.104528463268 0 0.994521895368 -1.54150893782 

param_ptm58 
1599.99266994 0 640.0 
0 1599.99266994 384.0 
0 0 1 
0.0
0.0
0.993571855677 0 0.113203213768 0.17546498134 
0 1 0 0 
-0.113203213768 0 0.993571855677 -1.5400363763 

param_ptm59 
1599.99266994 0 640.0 
0 1599.99266994 384.0 
0 0 1 
0.0
0.0
0.992546151641 0 0.121869343405 0.188897482278 
0 1 0 0 
-0.121869343405 0 0.992546151641 -1.53844653504 

param_ptm60 
1599.99266994 0 640.0 
0 1599.99266994 384.0 
0 0 1 
0.0
0.0
0.991444861374 0 0.13052619222 0.202315597941 
0 1 0 0 
-0.13052619222 0 0.991444861374 -1.53673953513 

param_ptm61 
1599.99266994 0 640.0 
0 1599.99266994 384.0 
0 0 1 
0.0
0.0
0.990268068742 0 0.13917310096 0.215718306488 
0 1 0 0 
-0.13917310096 0 0.990268068742 -1.53491550655 

param_ptm62 
1599.99266994 0 640.0 
0 1599.99266994 384.0 
0 0 1 
0.0
0.0
0.989015863362 0 0.14780941113 0.229104587251 
0 1 0 0 
-0.14780941113 0 0.989015863362 -1.53297458821 

param_ptm63 
1599.99266994 0 640.0 
0 1599.99266994 384.0 
0 0 1 
0.0
0.0
0.987688340595 0 0.15643446504 0.242473420812 
0 1 0 0 
-0.15643446504 0 0.987688340595 -1.53091692792 

param_ptm64 
1599.99266994 0 640.0 
0 1599.99266994 384.0 
0 0 1 
0.0
0.0
0.986285601537 0 0.165047605861 0.255823789084 
0 1 0 0 
-0.165047605861 0 0.986285601537 -1.52874268238 

param_ptm65 
1599.99266994 0 640.0 
0 1599.99266994 384.0 
0 0 1 
0.0
0.0
0.984807753012 0 0.173648177667 0.269154675384 
0 1 0 0 
-0.173648177667 0 0.984807753012 -1.52645201717 

param_ptm66 
1599.99266994 0 640.0 
0 1599.99266994 384.0 
0 0 1 
0.0
0.0
0.983254907564 0 0.182235525492 0.282465064513 
0 1 0 0 
-0.182235525492 0 0.983254907564 -1.52404510672 

param_ptm67 
1599.99266994 0 640.0 
0 1599.99266994 384.0 
0 0 1 
0.0
0.0
0.981627183448 0 0.190808995377 0.295753942834 
0 1 0 0 
-0.190808995377 0 0.981627183448 -1.52152213434 

param_ptm68 
1599.99266994 0 640.0 
0 1599.99266994 384.0 
0 0 1 
0.0
0.0
0.979924704621 0 0.199367934417 0.309020298347 
0 1 0 0 
-0.199367934417 0 0.979924704621 -1.51888329216 

param_ptm69 
1599.99266994 0 640.0 
0 1599.99266994 384.0 
0 0 1 
0.0
0.0
0.978147600734 0 0.207911690818 0.322263120768 
0 1 0 0 
-0.207911690818 0 0.978147600734 -1.51612878114 

param_ptm70 
1599.99266994 0 640.0 
0 1599.99266994 384.0 
0 0 1 
0.0
0.0
0.97629600712 0 0.216439613938 0.335481401604 
0 1 0 0 
-0.216439613938 0 0.97629600712 -1.51325881104 

param_ptm71 
1599.99266994 0 640.0 
0 1599.99266994 384.0 
0 0 1 
0.0
0.0
0.974370064785 0 0.224951054344 0.348674134233 
0 1 0 0 
-0.224951054344 0 0.974370064785 -1.51027360042 

param_ptm72 
1599.99266994 0 640.0 
0 1599.99266994 384.0 
0 0 1 
0.0
0.0
0.972369920398 0 0.233445363856 0.361840313977 
0 1 0 0 
-0.233445363856 0 0.972369920398 -1.50717337662 

param_ptm73 
1599.99266994 0 640.0 
0 1599.99266994 384.0 
0 0 1 
0.0
0.0
0.970295726276 0 0.2419218956 0.374978938179 
0 1 0 0 
-0.2419218956 0 0.970295726276 -1.50395837573 

param_ptm74 
1599.99266994 0 640.0 
0 1599.99266994 384.0 
0 0 1 
0.0
0.0
0.968147640378 0 0.250380004054 0.388089006284 
0 1 0 0 
-0.250380004054 0 0.968147640378 -1.50062884259 

param_ptm75 
1599.99266994 0 640.0 
0 1599.99266994 384.0 
0 0 1 
0.0
0.0
0.965925826289 0 0.258819045103 0.401169519909 
0 1 0 0 
-0.258819045103 0 0.965925826289 -1.49718503075 

param_ptm76 
1599.99266994 0 640.0 
0 1599.99266994 384.0 
0 0 1 
0.0
0.0
0.963630453209 0 0.267238376078 0.414219482921 
0 1 0 0 
-0.267238376078 0 0.963630453209 -1.49362720247 

param_ptm77 
1599.99266994 0 640.0 
0 1599.99266994 384.0 
0 0 1 
0.0
0.0
0.961261695938 0 0.275637355817 0.427237901516 
0 1 0 0 
-0.275637355817 0 0.961261695938 -1.4899556287 

param_ptm78 
1599.99266994 0 640.0 
0 1599.99266994 384.0 
0 0 1 
0.0
0.0
0.958819734868 0 0.284015344704 0.440223784291 
0 1 0 0 
-0.284015344704 0 0.958819734868 -1.48617058905 

param_ptm79 
1599.99266994 0 640.0 
0 1599.99266994 384.0 
0 0 1 
0.0
0.0
0.956304755963 0 0.292371704723 0.45317614232 
0 1 0 0 
-0.292371704723 0 0.956304755963 -1.48227237174 

param_ptm80 
1599.99266994 0 640.0 
0 1599.99266994 384.0 
0 0 1 
0.0
0.0
0.953716950748 0 0.300705799504 0.466093989232 
0 1 0 0 
-0.300705799504 0 0.953716950748 -1.47826127366 

param_ptm81 
1599.99266994 0 640.0 
0 1599.99266994 384.0 
0 0 1 
0.0
0.0
0.951056516295 0 0.309016994375 0.478976341281 
0 1 0 0 
-0.309016994375 0 0.951056516295 -1.47413760026 

param_ptm82 
1599.99266994 0 640.0 
0 1599.99266994 384.0 
0 0 1 
0.0
0.0
0.948323655206 0 0.317304656405 0.491822217428 
0 1 0 0 
-0.317304656405 0 0.948323655206 -1.46990166557 

param_ptm83 
1599.99266994 0 640.0 
0 1599.99266994 384.0 
0 0 1 
0.0
0.0
0.945518575599 0 0.325568154457 0.504630639409 
0 1 0 0 
-0.325568154457 0 0.945518575599 -1.46555379218 

param_ptm84 
1599.99266994 0 640.0 
0 1599.99266994 384.0 
0 0 1 
0.0
0.0
0.942641491092 0 0.333806859234 0.517400631812 
0 1 0 0 
-0.333806859234 0 0.942641491092 -1.46109431119 