param_loveb2_001
1717.6768904685766   0                    22.70212075222832
0                    1713.1231734442565   295.05419834224637
0                    0                    1
0
0
0.999741701338534    0.005613635326148    -0.022023117471382   895.7055047279634
-0.006723847040934   -0.852581758596568   -0.522550605003336   899.5689057514828
-0.021709916759477   0.522563710954758    -0.852323792644256   7432.31207849641


param_loveb2_002
1717.6768904685766   0                    22.70212075222832
0                    1713.1231734442565   295.05419834224637
0                    0                    1
0
0
0.999741701338534    0.005613635326148    -0.022023117471382   863.0997526780484
-0.006723847040934   -0.852581758596568   -0.522550605003336   899.5689057514828
-0.021709916759477   0.522563710954758    -0.852323792644256   7432.31207849641


param_loveb2_003
1717.6768904685766   0                    22.70212075222832
0                    1713.1231734442565   295.05419834224637
0                    0                    1
0
0
0.999741701338534    0.005613635326148    -0.022023117471382   830.4940006281332
-0.006723847040934   -0.852581758596568   -0.522550605003336   899.5689057514833
-0.021709916759477   0.522563710954758    -0.852323792644256   7432.312078496411

param_loveb2_004
1717.6768904685766   0                    22.70212075222832
0                    1713.1231734442565   295.05419834224637
0                    0                    1
0
0
0.999741701338534    0.005613635326148    -0.022023117471382   797.888248578218
-0.006723847040934   -0.852581758596568   -0.522550605003336   899.5689057514824
-0.021709916759477   0.522563710954758    -0.852323792644256   7432.312078496411

param_loveb2_005
1717.6768904685766   0                    22.70212075222832
0                    1713.1231734442565   295.05419834224637
0                    0                    1
0
0
0.999741701338534    0.005613635326148    -0.022023117471382   765.2824965283029
-0.006723847040934   -0.852581758596568   -0.522550605003336   899.5689057514824
-0.021709916759477   0.522563710954758    -0.852323792644256   7432.312078496411


param_loveb2_006
1717.6768904685766   0                    22.70212075222832
0                    1713.1231734442565   295.05419834224637
0                    0                    1
0
0
0.999741701338534    0.005613635326148    -0.022023117471382   732.6767444783877
-0.006723847040934   -0.852581758596568   -0.522550605003336   899.5689057514828
-0.021709916759477   0.522563710954758    -0.852323792644256   7432.31207849641


param_loveb2_007
1717.6768904685766   0                    22.70212075222832
0                    1713.1231734442565   295.05419834224637
0                    0                    1
0
0
0.999741701338534    0.005613635326148    -0.022023117471382   700.0709924284728
-0.006723847040934   -0.852581758596568   -0.522550605003336   899.5689057514828
-0.021709916759477   0.522563710954758    -0.852323792644256   7432.31207849641


param_loveb2_008
1717.6768904685766   0                    22.70212075222832
0                    1713.1231734442565   295.05419834224637
0                    0                    1
0
0
0.999741701338534    0.005613635326148    -0.022023117471382   667.4652403785575
-0.006723847040934   -0.852581758596568   -0.522550605003336   899.5689057514828
-0.021709916759477   0.522563710954758    -0.852323792644256   7432.31207849641


param_loveb2_009
1717.6768904685766   0                    22.70212075222832
0                    1713.1231734442565   295.05419834224637
0                    0                    1
0
0
0.999741701338534    0.005613635326148    -0.022023117471382   634.8594883286423
-0.006723847040934   -0.852581758596568   -0.522550605003336   899.5689057514828
-0.021709916759477   0.522563710954758    -0.852323792644256   7432.31207849641


param_loveb2_010
1717.6768904685766   0                    22.70212075222832
0                    1713.1231734442565   295.05419834224637
0                    0                    1
0
0
0.999741701338534    0.005613635326148    -0.022023117471382   602.2537362787273
-0.006723847040934   -0.852581758596568   -0.522550605003336   899.5689057514824
-0.021709916759477   0.522563710954758    -0.852323792644256   7432.31207849641


param_loveb2_011
1717.6768904685766   0                    22.70212075222832
0                    1713.1231734442565   295.05419834224637
0                    0                    1
0
0
0.999741701338534    0.005613635326148    -0.022023117471382   569.6479842288121
-0.006723847040934   -0.852581758596568   -0.522550605003336   899.5689057514828
-0.021709916759477   0.522563710954758    -0.852323792644256   7432.312078496411


param_loveb2_012
1717.6768904685766   0                    22.70212075222832
0                    1713.1231734442565   295.05419834224637
0                    0                    1
0
0
0.999741701338534    0.005613635326148    -0.022023117471382   537.0422321788969
-0.006723847040934   -0.852581758596568   -0.522550605003336   899.5689057514824
-0.021709916759477   0.522563710954758    -0.852323792644256   7432.312078496411

